adder_dcop_49 1813 1813 11246
gemat11 4929 4929 33185
jgl011 11 11 76
mycielskian7 95 95 1510
cis-n4c6-b4 20058 5970 100290
fpga_trans_01 1220 1220 7382
ch7-6-b2 4200 630 12600
lp_lotfi 153 366 1136
HFE18_96_in 2372 4096 933343
inlet 11730 11730 328323
GD96_c 65 65 250
Tina_AskCal 11 11 29
c-51 23196 23196 203050
rdb1250l 1250 1250 7300
mimo8x8_system 13309 13309 48872
dwt_992 992 992 16744
SiO 33401 33401 1317655
relat8 345688 12347 1334038
car4 16384 33052 63724
az2010 241666 241666 1196094
cavity01 317 317 7327
cis-n4c6-b13 6300 25605 88200
G48 3000 3000 12000
scircuit 170998 170998 958936
dwt_607 607 607 5131
n2c6-b10 30 306 330
c-66 49989 49989 499007
reorientation_8 3108 3108 37894
lp_woodw 1098 8418 37487
SiH4 5041 5041 171903
s2rmq4m1 5489 5489 281111
G53 1000 1000 11828
TF12 488 552 4231
TSOPF_RS_b9_c6 7224 7224 54082
lp_stocfor1 117 165 501
vsp_c-60_data_cti_cs4 85830 85830 482160
G10 800 800 38352
192bit 13691 13682 154303
TS 2142 2142 45262
fs_541_3 541 541 4285
ABACUS_shell_ud 23412 23412 218484
oscil_dcop_41 430 430 1544
mark3jac100 45769 45769 285215
n4c6-b15 60 920 960
fpga_dcop_22 1220 1220 5892
lock1074 1074 1074 51588
S20PI_n 1182 1182 2881
orsreg_1 2205 2205 14133
DK01R 903 903 11766
ck400 400 400 2860
lp_truss 1000 8806 27836
n3c4-b3 15 20 60
vsp_south31_slptsk 39668 39668 379828
west1505 1505 1505 5445
football 115 115 1226
olafu 16146 16146 1015156
pde900 900 900 4380
Trefethen_20000b 19999 19999 554435
ted_B_unscaled 10605 10605 144579
oscil_dcop_27 430 430 1544
Franz9 19588 4164 97508
Ill_Stokes 20896 20896 191368
ecl32 51993 51993 380415
scsd8-2r 8650 60550 190210
oscil_dcop_33 430 430 1544
rel4 66 12 104
ex3sta1 16782 16782 678998
stufe 1036 1036 3736
pkustk11 87804 87804 5217912
adder_trans_02 1814 1814 14579
saylr4 3564 3564 22316
fpga_dcop_23 1220 1220 5892
Zd_Jac3 22835 22835 1916152
freeFlyingRobot_9 4778 4778 39964
spaceStation_9 1180 1180 19674
net25 9520 9520 401200
rail_1357 1357 1357 8985
l30 2701 16281 52070
Trefethen_300 300 300 4678
nxp1 414604 414604 2656177
lp_fit2p 3000 13525 50284
rail_20209 20209 20209 139233
tomography 500 500 28726
sphere2 66 66 450
lp_sctap2 1090 2500 7334
tumorAntiAngiogenesis_4 455 455 4593
windtunnel_evap2d 8256 8256 233468
G41 2000 2000 23570
bcsstk33 8738 8738 591904
Zhao1 33861 33861 166453
descriptor_xingo6u 20738 20738 73916
rdb2048_noL 2048 2048 12032
n3c6-b11 60 675 720
lshp1009 1009 1009 6865
gre_512 512 512 2192
lshp1270 1270 1270 8668
can_634 634 634 7228
ex31 3909 3909 115357
matrix_9 103430 103430 2121550
polbooks 105 105 882
delaunay_n17 131072 131072 786352
s3rmt3m3 5357 5357 207695
lp_sc50b 50 78 148
aa03 825 8627 70806
lp_scfxm2 660 1200 5469
mark3jac040 18289 18289 113435
ccc 49152 49152 147456
ex11 16614 16614 1096948
lnsp_131 131 131 536
lp_sctap3 1480 3340 9734
flower_8_1 625 513 1538
reorientation_3 2513 2513 32166
scagr7-2r 32847 46679 120141
kineticBatchReactor_9 8115 8115 86183
crystm02 13965 13965 322905
boyd1 93279 93279 1211231
dwt_869 869 869 7285
2D_54019_highK 54019 54019 996414
ibm_matrix_2 51448 51448 1056610
scfxm1-2b 19036 33047 111052
west0497 497 497 1727
adder_dcop_01 1813 1813 11156
c-63 44234 44234 434704
fs_760_3 760 760 5976
c-36 7479 7479 65941
ch7-7-b1 882 49 1764
pkustk12 94653 94653 7512317
co9 10789 22924 109651
n3c6-b4 3003 1365 15015
rajat12 1879 1879 12926
sparsine 50000 50000 1548988
lowThrust_1 584 584 6133
hangGlider_4 15561 15561 149532
brack2 62631 62631 733118
IG5-15 11369 11987 323509
troll 213453 213453 11985111
smt 25710 25710 3753184
cs4 22499 22499 87716
lshp3025 3025 3025 20833
landmark 71952 2704 1151232
tub100 100 100 396
oscil_dcop_51 430 430 1544
Na5 5832 5832 305630
ex14 3251 3251 66775
fxm4_6 18892 18892 497844
n2c6-b5 4945 3003 29670
lp_pds_02 2953 7716 16571
cdde1 961 961 4681
diag 2559 2559 8184
bayer09 3083 3083 21216
offshore 259789 259789 4242673
oscil_dcop_03 430 430 1544
utm3060 3060 3060 42211
wheel_3_1 21 25 74
freeFlyingRobot_3 1718 1718 12922
oscil_dcop_18 430 430 1544
bcircuit 68902 68902 375558
nemeth22 9506 9506 1358832
G43 1000 1000 19980
oscil_dcop_46 430 430 1544
adder_dcop_17 1813 1813 11246
lpi_pilot4i 410 1123 5264
vsp_c-30_data_data 11023 11023 124368
G29 2000 2000 39980
fs_183_4 183 183 1069
mk12-b3 51975 13860 207900
adder_dcop_19 1813 1813 11245
n3c5-b5 210 252 1260
str_0 363 363 2454
debr 1048576 1048576 4194298
c-33 6317 6317 56123
net125 36720 36720 2577200
nemeth05 9506 9506 394808
fpga_dcop_16 1220 1220 5892
n4c5-b4 2852 1350 14260
pde2961 2961 2961 14585
ncvxqp1 12111 12111 73963
reorientation_1 677 677 7326
lp_grow15 300 645 5620
adder_dcop_36 1813 1813 11246
dynamicSoaringProblem_7 3511 3511 37680
pkustk01 22044 22044 979380
IG5-18 47894 41550 1790490
c-55 32780 32780 403450
in2010 267071 267071 1281716
cage11 39082 39082 559722
mhd4800a 4800 4800 102252
tumorAntiAngiogenesis_8 490 490 4776
plbuckle 1282 1282 30644
ts-palko 22002 47235 1076903
plat1919 1919 1919 32399
lp_ken_18 105127 154699 358171
lp_pilot_we 722 2928 9265
M40PI_n1 2028 2028 5007
rajat23 110355 110355 556938
lp_afiro 27 51 102
tols1090 1090 1090 3546
ramage02 16830 16830 2866352
lung1 1650 1650 7419
rat 3136 9408 268908
freeFlyingRobot_8 4398 4398 34958
rajat21 411676 411676 1893370
lp_standgub 361 1383 3339
c-30 5321 5321 65693
ch7-7-b5 35280 52920 211680
g7jac200sc 59310 59310 837936
air03 124 10757 91028
spmsrtls 29995 29995 229947
494_bus 494 494 1666
Ga10As10H30 113081 113081 6115633
bp_1400 822 822 4790
deter0 1923 5468 11173
Alemdar 6245 6245 42581
ch6-6-b1 450 36 900
mimo46x46_system 13250 13250 48735
oscil_dcop_20 430 430 1544
jnlbrng1 40000 40000 199200
Franz4 6784 5252 46528
oscil_dcop_39 430 430 1544
Delor64K 64719 1785345 652140
n4c6-b9 186558 198895 1865580
mark3jac060sc 27449 27449 170695
df2177 630 10358 22336
lshp3466 3466 3466 23896
rdb1250 1250 1250 7300
ch5-5-b3 600 600 2400
lp_scfxm1 330 600 2732
c-70 68924 68924 658986
oscil_dcop_52 430 430 1544
cavity10 2597 2597 76367
n4c6-b4 20058 5970 100290
lowThrust_9 18044 18044 219589
lpi_refinery 323 464 1626
helm2d03 392257 392257 2741935
adder_dcop_31 1813 1813 11246
nl 7039 15325 47035
fpga_dcop_07 1220 1220 5855
lp_bandm 305 472 2494
fpga_dcop_44 1220 1220 5892
Goodwin_095 100037 100037 3226066
gyro_m 17361 17361 340431
sinc15 11532 11532 568526
onetone1 36057 36057 341088
rajat20 86916 86916 605045
de063155 852 1848 4913
n2c6-b8 1470 3990 13230
jagmesh6 1377 1377 8993
steam2 600 600 13760
fpga_dcop_43 1220 1220 5892
fpga_dcop_04 1220 1220 5884
grid2 3296 3296 12864
hi2010 25016 25016 124126
stat96v1 5995 197472 588798
2D_27628_bjtcai 27628 27628 442898
G20 800 800 9344
G4 800 800 38352
cdde3 961 961 4681
pli 22695 22695 1350309
GL7d26 305 2798 7412
dwt_1242 1242 1242 10426
oh2010 365344 365344 1768240
ch8-8-b4 376320 117600 1881600
tuma2 12992 12992 49365
c-big 345241 345241 2341011
bips98_1450 11305 11305 44678
ash958 958 292 1916
bcspwr02 49 49 167
eurqsa 7245 7245 46142
lns_131 131 131 536
D_7 1270 971 12714
shallow_water1 81920 81920 327680
lp_pds_10 16558 49932 107605
photogrammetry2 4472 936 37056
dwt_209 209 209 1743
G35 2000 2000 23556
water_tank 60740 60740 2035281
lp_share2b 96 162 777
arc130 130 130 1282
c-58 37595 37595 552557
c-35 6537 6537 62891
TSOPF_FS_b162_c3 30798 30798 1801300
hangGlider_5 16011 16011 155246
wm2 207 260 2942
g7jac040 11790 11790 114671
airfoil1_dual 8034 8034 23626
Goodwin_023 6005 6005 182168
cca 49152 49152 139264
adder_dcop_59 1813 1813 11246
shl_400 663 663 1712
n4c6-b12 25605 69235 332865
Trec3 1 2 1
spaceStation_1 99 99 927
denormal 89400 89400 1156224
n4c5-b6 4735 4340 33145
bas1lp 5411 9825 587775
will199 199 199 701
lp_sc105 105 163 340
ex35 19716 19716 228208
adder_dcop_02 1813 1813 11246
psse1 14318 11028 57376
extr1 2837 2837 11407
bcsstk23 3134 3134 45178
Goodwin_040 17922 17922 561677
flowmeter0 9669 9669 67391
gams10a 114 171 407
nemeth25 9506 9506 1511758
wy2010 86204 86204 427586
Sandi_authors 86 86 248
H2O 67024 67024 2216736
fpga_dcop_32 1220 1220 5892
spaceStation_2 329 329 5817
lp_sierra 1227 2735 8001
bcsstm12 1473 1473 19659
IG5-7 62 150 549
rajat26 51032 51032 249302
young3c 841 841 3988
power9 155376 155376 2512300
ri2010 25181 25181 125750
thermomech_dM 204316 204316 1423116
cz1268 1268 1268 12786
cavity09 1182 1182 32747
fome11 12142 24460 71264
can_144 144 144 1296
n2c6-b6 5715 4945 40005
TSOPF_FS_b39_c30 120216 120216 3121160
model7 3358 9582 51027
lp_bore3d 233 334 1448
b_dyn 1089 1089 4264
c-42 10471 10471 110285
oscil_dcop_45 430 430 1544
cage7 340 340 3084
tuma1 22967 22967 87760
Goodwin_013 1965 1965 56069
lowThrust_10 18260 18260 222005
oscil_dcop_44 430 430 1544
ch7-6-b4 15120 12600 75600
nemeth15 9506 9506 539802
lowThrust_2 2312 2312 26261
crplat2 18010 18010 960946
freeFlyingRobot_5 2878 2878 24582
bfwb782 782 782 5982
rajat01 6833 6833 43250
bcspwr09 1723 1723 6511
msc01440 1440 1440 46270
spaceStation_12 1410 1410 19728
caidaRouterLevel 192244 192244 1218132
co2010 201062 201062 974574
lp_scorpion 388 466 1534
ch3-3-b2 6 18 18
mhda416 416 416 8562
lp_scsd8 397 2750 8584
gams30a 354 531 1287
gen1 769 2561 63086
nemeth01 9506 9506 725054
fpga_dcop_11 1220 1220 5892
relat5 340 35 1058
aug2d 29008 29008 76832
thermomech_TC 102158 102158 711558
QRpivot 660 749 3808
nemeth24 9506 9506 1506550
bayer03 6747 6747 56196
adder_dcop_06 1813 1813 11224
G16 800 800 9344
jan99jac060sc 20614 20614 127182
lpl3 10828 33686 100525
dwt_2680 2680 2680 25026
oscil_dcop_30 430 430 1544
a2nnsnsl 80016 80016 347222
cavity05 1182 1182 32747
dynamicSoaringProblem_8 3543 3543 38136
com-Amazon 334863 334863 1851744
mark3jac060 27449 27449 170695
fpga_dcop_47 1220 1220 5892
n2c6-b1 105 15 210
halfb 224617 224617 12387821
lhr07c 7337 7337 156508
photogrammetry 1388 390 11816
mark3jac100sc 45769 45769 285215
bibd_49_3 1176 18424 55272
adder_dcop_30 1813 1813 11246
gupta3 16783 16783 9323427
k3plates 11107 11107 378927
c-54 31793 31793 391693
cavity04 317 317 7327
bibd_17_4 136 2380 14280
dawson5 51537 51537 1010777
TSC_OPF_300 9774 9774 820804
fpga_dcop_12 1220 1220 5892
lpi_vol1 323 464 1646
EX2 560 560 8736
lp_80bau3b 2262 12061 23264
Trec12 551 2726 151219
oscil_dcop_36 430 430 1544
mod2 34774 66409 199810
n4c5-b7 3635 4735 29080
delaunay_n13 8192 8192 49094
adder_dcop_05 1813 1813 11097
n4c6-b3 5970 1330 23880
bcsstk12 1473 1473 34241
stat96v3 33841 1113780 3317736
adder_dcop_20 1813 1813 11246
dw256B 512 512 2500
thermomech_TK 102158 102158 711558
spaceStation_4 950 950 13626
shipsec8 114919 114919 6653399
gen4 1537 4298 107103
robot24c1_mat5 404 302 15118
oscil_dcop_05 430 430 1544
Trefethen_200 200 200 2890
lpi_itest2 9 13 26
nemscem 651 1712 3840
c-48 18354 18354 166080
bayer04 20545 20545 159082
lp_agg 488 615 2862
gearbox 153746 153746 9080404
lp_sc50a 50 78 160
nj2010 169588 169588 829912
d_dyn 87 87 238
ch 3700 8291 24102
co5 5774 12325 57993
G62 7000 7000 28000
G66 9000 9000 36000
rdist3a 2398 2398 61896
c-59 41282 41282 480536
sphere3 258 258 1794
ww_36_pmec_36 66 66 1194
lp_kb2 43 68 313
crystk03 24696 24696 1751178
G5 800 800 38352
ch7-9-b1 1512 63 3024
M80PI_n1 4028 4028 9927
mark3jac080 36609 36609 227955
SiNa 5743 5743 198787
rajat09 24482 24482 105573
filter2D 1668 1668 10750
lp_scfxm3 990 1800 8206
PGPgiantcompo 10680 10680 48632
com-Youtube 1134890 1134890 5975248
n3c5-b4 252 210 1260
Hamrle1 32 32 98
watson_2 352013 677224 1846391
lund_b 147 147 2441
cage10 11397 11397 150645
mult_dcop_02 25187 25187 193276
mimo28x28_system 13251 13251 48737
as-22july06 22963 22963 96872
gupta1 31802 31802 2164210
g7jac020sc 5850 5850 45465
lhr04c 4101 4101 82682
bcsstk06 420 420 7860
ch7-8-b2 11760 1176 35280
meg1 2904 2904 58142
impcol_d 425 425 1339
ch4-4-b3 24 96 96
Trec8 23 84 549
rdb968 968 968 5632
rajat14 180 180 1503
str_200 363 363 3068
bwm2000 2000 2000 7996
pkustk13 94893 94893 6616827
g7jac060sc 17730 17730 203316
gr_30_30 900 900 7744
kineticBatchReactor_1 2052 2052 20600
G59 5000 5000 59140
bodyy5 18589 18589 129281
D_9 815 1133 12395
barrier2-11 115625 115625 3897557
dw2048 2048 2048 10114
n4c6-b5 51813 20058 310878
fpga_dcop_18 1220 1220 5892
add32 4960 4960 23884
can_73 73 73 377
bauru5727 40366 40366 145019
bcsstm34 588 588 24270
progas 1650 1900 8897
G17 800 800 9334
2cubes_sphere 101492 101492 1647264
ship_003 121728 121728 8086034
bcsstm22 138 138 138
std1_Jac2 21982 21982 1248731
lpi_woodinfe 35 89 140
oscil_dcop_53 430 430 1544
s3dkt3m2 90449 90449 3753461
adder_dcop_55 1813 1813 11246
hvdc2 189860 189860 1347273
dano3mip 3202 15851 81633
ash85 85 85 523
GD95_c 62 62 287
dynamicSoaringProblem_6 3431 3431 36741
blockqp1 60012 60012 640033
ex13 2568 2568 75628
lp_modszk1 687 1620 3168
Pres_Poisson 14822 14822 715804
epb0 1794 1794 7764
gams30am 354 531 1287
thermal 3456 3456 66528
fd12 7500 7500 28462
208bit 24430 24421 299756
Trefethen_2000 2000 2000 41906
wheel_4_1 36 41 122
stokes128 49666 49666 558594
msc10848 10848 10848 1229778
GL7d23 105054 349443 2695430
nemeth16 9506 9506 587012
adder_dcop_52 1813 1813 11246
cr42 905 1513 6614
bcspwr03 118 118 476
fv3 9801 9801 87025
minnesota 2642 2642 6606
ch7-6-b5 5040 15120 30240
watt_2 1856 1856 11550
utm300 300 300 3155
Ga3As3H12 61349 61349 5970947
lp_adlittle 56 138 424
Maragal_5 4654 3320 93091
Trec7 11 36 147
wathen120 36441 36441 565761
ch7-7-b2 7350 882 22050
S40PI_n1 2028 2028 5007
G47 1000 1000 19980
nos6 675 675 3255
lp_share1b 117 253 1179
EX5 6545 6545 295680
n4c5-b11 10 120 120
std1_Jac3_db 21982 21982 531826
bloweybq 10001 10001 69991
Trec11 235 1138 35705
f855_mat9 2456 2511 171214
me2010 69518 69518 335476
S80PI_n 4182 4182 10261
Baumann 112211 112211 760631
bcsstk09 1083 1083 18437
fpga_dcop_14 1220 1220 5892
G51 1000 1000 11818
para-5 155924 155924 5416358
t2dal_e 4257 4257 4257
Zd_Jac6_db 22835 22835 663643
freeFlyingRobot_14 5958 5958 43298
jan99jac120 41374 41374 260202
can_229 229 229 1777
deter6 4255 12113 24771
world 34506 67147 198883
c-47 15343 15343 211401
bcspwr10 5300 5300 21842
mhd4800b 4800 4800 27520
fpga_dcop_29 1220 1220 5892
mhd3200b 3200 3200 18316
g7jac010sc 2880 2880 19635
pcb3000 3960 7732 57479
str_400 363 363 3157
lp_nug30 52260 379350 1567800
Kemelmacher 28452 9693 100875
fs_541_4 541 541 4285
spaceShuttleEntry_3 1834 1834 28757
oscil_dcop_43 430 430 1544
g7jac140 41490 41490 565956
filter3D 106437 106437 2707179
pgp2 4034 13254 22474
p0033 15 48 113
bibd_81_3 3240 85320 255960
lp_ken_11 14694 21349 49058
mycielskian12 3071 3071 407200
ex20 2203 2203 69981
oscil_dcop_31 430 430 1544
adder_dcop_61 1813 1813 11246
psse2 28634 11028 115262
adder_dcop_34 1813 1813 11246
bcsstk37 25503 25503 1140977
will57 57 57 281
mesh2em5 306 306 2018
memplus 17758 17758 126150
adder_dcop_65 1813 1813 11246
big_dual 30269 30269 89858
pkustk06 43164 43164 2571768
c-71 76638 76638 859554
lp_scsd1 77 760 2388
fullb 199187 199187 11708077
bibd_9_5 36 126 1260
reorientation_7 3057 3057 37150
G54 1000 1000 11832
3elt 4720 4720 27444
adder_dcop_18 1813 1813 11246
d_dyn1 87 87 238
g7jac010 2880 2880 19635
adder_dcop_41 1813 1813 11246
ch7-8-b4 141120 58800 705600
hydr1 5308 5308 23752
mk12-b1 1485 66 2970
wv2010 135218 135218 662922
ia2010 216007 216007 1021170
finan512 74752 74752 596992
bcsstk22 138 138 696
rajat03 7602 7602 32653
lhr11 10964 10964 233741
mk11-b4 10395 17325 51975
TF16 15437 19321 216173
cat_ears_4_4 19020 44448 132888
mk12-b4 62370 51975 311850
mk12-b2 13860 1485 41580
jan99jac120sc 41374 41374 260202
shar_te2-b1 17160 286 34320
bibd_14_7 91 3432 72072
n2c6-b7 3990 5715 31920
ss1 205282 205282 845089
freeFlyingRobot_6 3358 3358 27030
nasasrb 54870 54870 2677324
lpi_cplex2 224 378 1215
cryg10000 10000 10000 49699
ted_B 10605 10605 144579
dwt_162 162 162 1182
sherman5 3312 3312 20793
ex29 2870 2870 23754
power 4941 4941 13188
freeFlyingRobot_7 3918 3918 31046
transient 178866 178866 961790
opt1 15449 15449 1930655
pesa 11738 11738 79566
ted_A 10605 10605 424587
rail582 582 56097 402290
rajat19 1157 1157 5399
bcsstk29 13992 13992 619488
bcsstk27 1224 1224 56126
kineticBatchReactor_3 5082 5082 53219
bayer07 3268 3268 27836
G39 2000 2000 23556
west0989 989 989 3537
spaceStation_14 1640 1640 24324
Chem97ZtZ 2541 2541 7361
mark3jac040sc 18289 18289 113435
fe_4elt2 11143 11143 65636
onetone2 36057 36057 227628
ct2010 67578 67578 336352
a5esindl 60008 60008 255004
Trec6 6 15 40
cfd1 70656 70656 1828364
oscil_dcop_34 430 430 1544
ex12 3973 3973 80211
shock-9 36476 36476 142580
garon1 3175 3175 88927
lpi_qual 323 464 1646
Franz6 7576 3016 45456
G6 800 800 38352
delaunay_n18 262144 262144 1572792
trans5 116835 116835 766396
Tina_DisCal 11 11 41
blckhole 2132 2132 14872
g7jac100sc 29610 29610 384636
lp_nug07 602 931 4214
zed 116 142 666
lpi_klein3 994 1082 13101
ch6-6-b5 720 4320 4320
dwt_758 758 758 5994
scagr7-2c 2447 3479 9005
bcsstk28 4410 4410 219024
dw1024 2048 2048 10114
spaceStation_5 1019 1019 15219
lshp_406 406 406 2716
bcsstk13 2003 2003 83883
rail507 507 63516 409856
c-18 2169 2169 15145
dwb512 512 512 2500
3elt_dual 9000 9000 26556
F2 71505 71505 5294285
model1 362 798 3028
lowThrust_11 18368 18368 223801
bfwb398 398 398 2910
fs_183_1 183 183 1069
lp_ganges 1309 1706 6937
g7jac100 29610 29610 384636
sd2010 88360 88360 410722
mesh1e1 48 48 306
dwt_592 592 592 5104
pds10 16558 16558 149658
lhr14c 14270 14270 307858
delaunay_n12 4096 4096 24528
Maragal_7 46845 26564 1200537
lp_fit2d 25 10524 129042
ch8-8-b1 1568 64 3136
mc2depi 525825 525825 2100225
delaunay_n10 1024 1024 6112
lpi_galenet 8 14 22
kineticBatchReactor_7 7968 7968 84508
raefsky6 3402 3402 137845
deter7 6375 18153 37131
celegans_metabolic 453 453 4065
spaceShuttleEntry_4 2450 2450 39669
email 1133 1133 10902
dbir1 18804 45775 1077025
ch8-8-b2 18816 1568 56448
delf 3170 6654 15397
net4-1 88343 88343 2441727
bibd_18_9 153 48620 1750320
G40 2000 2000 23532
dwt_307 307 307 2523
lhr71 70304 70304 1528092
qa8fm 66127 66127 1660579
usroads-48 126146 126146 323900
adder_trans_01 1814 1814 14579
g7jac160sc 47430 47430 656616
af23560 23560 23560 484256
poisson3Da 13514 13514 352762
t60k 60005 60005 178880
dwt_193 193 193 3493
mk11-b3 17325 6930 69300
vsp_data_and_seymourl 9167 9167 111732
stoch_aircraft 3754 7517 20267
p0548 176 724 1887
bcsstk18 11948 11948 149090
rotor2 791 791 10685
lp_scsd6 147 1350 4316
c-23 3969 3969 31079
gas11 459 862 2166
adder_dcop_51 1813 1813 11246
c-62ghs 41731 41731 559343
fpga_dcop_03 1220 1220 5892
mk11-b4b 9450 17325 47250
n4c6-b1 210 21 420
fe_rotor 99617 99617 1324862
lp_degen2 444 757 4201
EX4 2600 2600 71760
pores_3 532 532 3474
G12 800 800 3200
n3c6-b7 6435 6435 51480
oscil_dcop_40 430 430 1544
fpga_dcop_20 1220 1220 5892
c-66b 49989 49989 499007
tub1000 1000 1000 3996
dwt_221 221 221 1629
la2010 204447 204447 980634
rajat13 7598 7598 48922
ch7-6-b3 12600 4200 50400
cavity16 4562 4562 138187
c-65 48066 48066 360528
barrier2-12 115625 115625 3897557
fpga_dcop_45 1220 1220 5892
cz308 308 308 3182
G37 2000 2000 23570
mk9-b2 1260 378 3780
lnsp_511 511 511 2796
loc-Brightkite 58228 58228 428156
raefsky5 6316 6316 168658
Trec4 2 3 3
nemeth26 9506 9506 1511760
lp_nug15 6330 22275 94950
G7 800 800 38352
deter2 6095 17313 35731
ok2010 269118 269118 1274148
g7jac160 47430 47430 656616
mesh_deform 234023 9393 853829
plsk1919 1919 1919 4831
nnc666 666 666 4044
lp_vtp_base 198 346 1051
GD98_c 112 112 336
LF10000 19998 19998 99982
shar_te2-b3 200200 200200 800800
wang3 26064 26064 177168
qpband 20000 20000 45000
mycielskian13 6143 6143 1227742
adder_dcop_69 1813 1813 11246
ch6-6-b2 2400 450 7200
tols340 340 340 2196
west0067 67 67 294
vsp_sctap1-2b_and_seymourl 40174 40174 281662
dwt_72 72 72 222
bcsstm01 48 48 48
fpga_dcop_40 1220 1220 5892
jgl009 9 9 50
lp_nug20 15240 72600 304800
c-27 4563 4563 31375
g7jac180sc 53370 53370 747276
yeast 2361 2361 13828
small 677 1400 3207
bratu3d 27792 27792 173796
kleemin 8 16 44
cz2548 2548 2548 25674
tumorAntiAngiogenesis_1 205 205 1783
freeFlyingRobot_1 798 798 5246
n3c6-b8 4935 6435 44415
copter2 55476 55476 759952
skirt 12598 12598 196520
adder_dcop_39 1813 1813 11246
cti 16840 16840 96464
orani678 2529 2529 90158
s2rmt3m1 5489 5489 219521
qa8fk 66127 66127 1660579
pkustk05 37164 37164 2205144
fe_sphere 16386 16386 98304
fs_760_1 760 760 5976
dwt_1007 1007 1007 8575
msc04515 4515 4515 97707
EX1 560 560 8736
nos2 957 957 4137
lhr71c 70304 70304 1528092
Chebyshev2 2053 2053 18447
rajat07 14842 14842 63913
can_445 445 445 3809
crystk01 4875 4875 315891
stokes64s 12546 12546 140034
dw256A 512 512 2480
n3c4-b1 15 6 30
rail516 516 47827 315412
barth4 6019 6019 23492
bcsstm21 3600 3600 3600
garon2 13535 13535 390607
std1_Jac2_db 21982 21982 498771
chem_master1 40401 40401 201201
lp_fit1p 627 1677 9868
OPF_3754 15435 15435 158273
dynamicSoaringProblem_4 3191 3191 36516
lp_scagr7 129 185 465
kneser_10_4_1 349651 330751 992252
ex21 656 656 19144
c8_mat11 4562 5761 2462970
apache2 715176 715176 4817870
lpi_bgprtr 20 40 70
nasa4704 4704 4704 104756
webbase-1M 1000005 1000005 3105536
barrier2-9 115625 115625 3897557
pkustk14 151926 151926 14836504
nasa2910 2910 2910 174296
meg4 5860 5860 46842
testbig 17613 31223 61639
uk 4824 4824 13674
reorientation_6 3006 3006 37342
net150 43520 43520 3121200
S40PI_n 2182 2182 5341
cz20468 20468 20468 206076
add20 2395 2395 17319
cbuckle 13681 13681 676515
fpga_dcop_46 1220 1220 5892
psmigr_3 3140 3140 543162
nug08-3rd 19728 29856 148416
p0282 241 523 2207
adder_dcop_46 1813 1813 11246
pkustk10 80676 80676 4308984
ch6-6-b3 5400 2400 21600
lshp1561 1561 1561 10681
iprob 3001 3001 9000
t520 5563 5563 286341
can_187 187 187 1491
reorientation_5 2904 2904 35590
lp_israel 174 316 2443
barth 6691 6691 26439
cavity24 4562 4562 138187
G49 3000 3000 12000
complex 1023 1408 46463
cavity21 4562 4562 138187
west0156 156 156 371
stokes64 12546 12546 140034
jagmesh2 1009 1009 6865
oscil_dcop_54 430 430 1544
plddb 3069 5049 10839
TF17 38132 48630 586218
ckt11752_tr_0 49702 49702 333029
ch7-8-b5 141120 141120 846720
c-24 4119 4119 35699
can_62 62 62 218
spaceStation_10 1272 1272 17478
barrier2-3 113076 113076 3805068
gyro 17361 17361 1021159
ck656 656 656 3884
west0167 167 167 507
mark3jac140sc 64089 64089 399735
HTC_336_4438 226340 226340 904522
mri2 63240 147456 569160
cz148 148 148 1527
sstmodel 3345 3345 22749
bips98_1142 9735 9735 40983
oscil_dcop_16 430 430 1544
685_bus 685 685 3249
Sandi_sandi 314 360 613
para-10 155924 155924 5416358
TF11 216 236 1607
pkustk08 22209 22209 3226671
GD99_b 64 64 252
n4c6-b11 69235 132402 830820
helm3d01 32226 32226 428444
lp_capri 271 482 1896
adder_dcop_25 1813 1813 11246
fpga_dcop_19 1220 1220 5892
bcsstm05 153 153 153
robot 120 120 870
jagmesh8 1141 1141 7465
sts4098 4098 4098 72356
nsir 4453 10057 154939
gent113 113 113 655
p0201 133 334 2056
lhr14 14270 14270 307858
bcsstm19 817 817 817
mycielskian9 383 383 14542
GL7d25 2798 21074 81671
rdb200 200 200 1120
fpga_dcop_01 1220 1220 5892
lp_standata 359 1274 3230
lpi_itest6 11 17 29
cage6 93 93 785
adder_dcop_11 1813 1813 11243
adder_dcop_12 1813 1813 11246
adder_dcop_56 1813 1813 11246
adder_dcop_63 1813 1813 11246
freeFlyingRobot_2 1338 1338 11600
problem1 415 415 2779
circuit204 1020 1020 5883
c-73b 169422 169422 1279274
foldoc 13356 13356 120238
orbitRaising_4 915 915 7790
lp_blend 74 114 522
para-7 155924 155924 5416358
n4c6-b13 6300 25605 88200
gre_216a 216 216 876
language 399130 399130 1216334
netz4504 1961 1961 5156
bibd_11_5 55 462 4620
cegb3306 3306 3306 74916
Franz5 7382 2882 44056
tumorAntiAngiogenesis_6 465 465 4795
adder_dcop_60 1813 1813 11246
jan99jac080sc 27534 27534 171522
lpl1 32460 32460 328036
comsol 1500 1500 97645
bcsstk20 485 485 3135
c-28 4598 4598 30590
orbitRaising_2 739 739 6526
tols4000 4000 4000 8784
circuit_4 80209 80209 307604
p0291 252 543 2283
shermanACd 6136 6136 53329
3D_28984_Tetra 28984 28984 599170
ukerbe1 5981 5981 15704
twotone 120750 120750 1224224
t2em 921632 921632 4590832
mk12-b5 10395 62370 62370
stufe-10 24010 24010 92828
adder_dcop_27 1813 1813 11246
mycielskian2 2 2 2
fpga_dcop_37 1220 1220 5892
trans4 116835 116835 766396
n4c5-b8 1895 3635 17055
lp_stocfor2 2157 3045 9357
engine 143571 143571 4706073
lung2 109460 109460 492564
TSOPF_FS_b162_c4 40798 40798 2398220
adder_dcop_43 1813 1813 11246
c-44 10728 10728 85000
nemeth20 9506 9506 971870
mk11-b1 990 55 1980
adder_dcop_14 1813 1813 11246
c-26 4307 4307 34537
MISKnowledgeMap 2427 2427 57022
relat7b 21924 1045 81355
lp_pds_06 9881 29351 63220
kineticBatchReactor_5 7641 7641 80767
lhr34c 35152 35152 764014
ca-HepTh 9877 9877 51971
bcsstk35 30237 30237 1450163
adder_dcop_44 1813 1813 11245
psmigr_1 3140 3140 543162
c-50 22401 22401 193625
cage3 5 5 19
ca2010 710145 710145 3489366
c-38 8127 8127 77689
scfxm1-2r 37980 65943 221388
mycielskian15 24575 24575 11111110
lhr02 2954 2954 37206
mi2010 329885 329885 1578090
Stranke94 10 10 90
oscil_dcop_21 430 430 1544
dbir2 18906 45877 1158159
EternityII_A 7362 150638 782087
IG5-8 156 292 1711
lp_nug05 210 225 1050
adder_dcop_47 1813 1813 11246
relat3 12 5 24
c-31 5339 5339 78571
G28 2000 2000 39980
c-21 3509 3509 32157
662_bus 662 662 2474
oscil_dcop_47 430 430 1544
bcsstm23 3134 3134 3134
lpi_ex73a 193 211 457
gre_343 343 343 1435
bcsstk38 8032 8032 355460
t2dah_a 11445 11445 176117
c-29 5033 5033 43731
s4dkt3m2 90449 90449 3753461
nemeth10 9506 9506 401448
TF10 99 107 622
well1033 1033 320 4732
M80PI_n 4182 4182 10261
GD06_theory 101 101 380
bcsstk39 46772 46772 2089294
gas_sensor 66917 66917 1703365
curtis54 54 54 291
fpga_dcop_50 1220 1220 5892
spaceStation_8 1157 1157 18945
ASIC_100ks 99190 99190 578890
para-9 155924 155924 5416358
cavity13 2597 2597 76367
mt2010 132288 132288 638668
rdb200l 200 200 1120
bodyy4 17546 17546 121938
can_1072 1072 1072 12444
vibrobox 12328 12328 342828
ut2010 115406 115406 572066
kneser_6_2_1 601 676 2027
cell1 7055 7055 34855
deter1 5527 15737 32187
t2d_q9 9801 9801 87025
oscil_dcop_25 430 430 1544
impcol_c 137 137 411
scrs8-2b 1820 3499 7367
bcsstm06 420 420 420
GD96_a 1096 1096 1677
ca-AstroPh 18772 18772 396160
130bit 584 575 6120
pores_1 30 30 180
g7jac080 23670 23670 293976
mark3jac120 54929 54929 342475
ulevimin 6590 46937 164538
TF13 1121 1302 11185
flowmeter5 9669 9669 67391
aa5 801 8308 65953
barrier2-10 115625 115625 3897557
n3c5-b3 210 120 840
g3rmt3m3 5357 5357 207695
airfoil_2d 14214 14214 259688
lp_fffff800 524 1028 6401
G9 800 800 38352
spiral 1434 1434 18228
abb313 313 176 1557
oscil_trans_01 430 430 1614
Trec14 3159 15905 2872265
crystm01 4875 4875 105339
pattern1 19242 19242 9323432
GL7d10 1 60 8
cz628 628 628 6346
oscil_dcop_06 430 430 1544
ex23 1409 1409 43703
klein-b2 20 30 60
ch7-9-b3 105840 17640 423360
kneser_8_3_1 15737 15681 47042
ex26 2163 2163 94033
Tina_DisCog 11 11 48
nsic 465 897 3449
olm1000 1000 1000 3996
bcspwr06 1454 1454 5300
lowThrust_8 17702 17702 216445
bayer05 3268 3268 27836
lhr01 1477 1477 18592
lp_pilot4 410 1123 5264
dwt_503 503 503 6027
std1_Jac3 21982 21982 1455848
steam3 80 80 928
rdb800l 800 800 4640
bcsstk03 112 112 640
Zd_Jac3_db 22835 22835 713907
cfd2 123440 123440 3087898
3dtube 45330 45330 3213618
flower_7_4 27693 67593 202218
spaceStation_13 1617 1617 23649
vsp_befref_fxm_2_4_air02 14109 14109 196448
bfly 49152 49152 196608
can_1054 1054 1054 12196
lock2232 2232 2232 80352
bcsstm10 1086 1086 22092
nemeth14 9506 9506 496144
minsurfo 40806 40806 203622
bcspwr05 443 443 1623
oilpan 73752 73752 3597188
aircraft 3754 7517 20267
gemat1 4929 10595 47369
G45 1000 1000 19980
lhr07 7337 7337 156508
ny2010 350169 350169 1709544
vsp_mod2_pgp2_slptsk 101364 101364 778736
lpi_ceria3d 3576 4400 21178
mycielskian8 191 191 4720
freeFlyingRobot_10 5218 5218 40080
nmos3 18588 18588 386594
ship_001 34920 34920 4644230
G24 2000 2000 39980
nemeth18 9506 9506 695234
fs_541_1 541 541 4285
nemspmm2 2301 8734 68225
wang4 26068 26068 177196
p0040 23 63 133
ACTIVSg70K 69999 69999 238627
nemeth06 9506 9506 394808
appu 14000 14000 1853104
aa01 823 8904 72965
ash608 608 188 1216
t2dal 4257 4257 37465
pct20stif 52329 52329 2698463
bayer06 3008 3008 27576
oscil_dcop_48 430 430 1544
d_ss 53 53 149
pores_2 1224 1224 9613
baxter 27441 30733 111576
ns3Da 20414 20414 1679599
cant 62451 62451 4007383
s3rmt3m1 5489 5489 219521
lpi_forest6 66 131 246
ASIC_100k 99340 99340 954163
oscil_dcop_19 430 430 1544
adder_dcop_03 1813 1813 11148
impcol_b 59 59 312
shar_te2-b2 200200 17160 600600
il2010 451554 451554 2164464
nemeth09 9506 9506 395506
bcsstm04 132 132 132
flower_5_4 5226 14721 43942
wathen100 30401 30401 471601
bp_1600 822 822 4841
S80PI_n1 4028 4028 9927
gams60am 714 1071 2607
rw496 496 496 1859
oscil_dcop_35 430 430 1544
jan99jac040sc 13694 13694 82842
eris1176 1176 1176 18552
lpi_chemcom 288 744 1590
luxembourg_osm 114599 114599 239332
rajat28 87190 87190 607235
p05 5090 9590 59045
cavity03 317 317 7327
hangGlider_1 360 360 3477
Trefethen_20b 19 19 147
scsd8-2b 5130 35910 112770
TF14 2644 3160 29862
mk13-b5 135135 270270 810810
init_adder1 1813 1813 11156
fpga_dcop_28 1220 1220 5892
karted 46502 133115 1770349
nemsemm2 6943 48878 182012
ch7-8-b3 58800 11760 235200
fpga_dcop_02 1220 1220 5892
Goodwin_010 1182 1182 32282
shl_200 663 663 1726
TEM152078 152078 152078 6459326
dwt_66 66 66 320
fs_183_6 183 183 1069
jendrec1 2109 4228 89608
t0331-4l 664 46915 430982
lp_bnl2 2324 4486 14996
TSC_OPF_1047 8140 8140 2016902
lp_d2q06c 2171 5831 33081
lp_maros_r7 3136 9408 144848
lowThrust_13 18476 18476 224897
rel7 21924 1045 50636
g7jac200 59310 59310 837936
n2c6-b9 306 1470 3060
illc1033 1033 320 4732
fpga_dcop_39 1220 1220 5892
fe_ocean 143437 143437 819186
venkat50 62424 62424 1717792
Delor295K 295734 1823928 2401323
bcsstm08 1074 1074 1074
fpga_dcop_49 1220 1220 5892
dwt_87 87 87 541
fcondp2 201822 201822 11294316
TSOPF_FS_b300 29214 29214 4400122
ct20stif 52329 52329 2698463
rajat10 30202 30202 130303
rbsb480 480 480 17088
lshp_778 778 778 5272
bcspwr01 39 39 131
G64 7000 7000 82918
para-6 155924 155924 5416358
n3c5-b6 120 210 840
cdde2 961 961 4681
vsp_model1_crew1_cr42_south31 45101 45101 379952
fpga_dcop_05 1220 1220 5852
oscil_dcop_14 430 430 1544
can_161 161 161 1377
lpi_bgetam 400 816 2537
lp_osa_30 4350 104374 604488
analytics 303813 303813 2006126
mark3jac020 9129 9129 56175
Franz1 2240 768 5120
c-20 2921 2921 22685
cavity11 2597 2597 76367
hydr1c 5308 5308 23752
fs_680_3 680 680 2646
circuit_3 12127 12127 48137
c-41 9769 9769 101745
TF15 6334 7742 80057
fpga_dcop_09 1220 1220 5888
windtunnel_evap3d 40816 40816 2730600
lhr34 35152 35152 764014
abtaha2 37932 331 137228
Chebyshev1 261 261 2319
stat96v2 29089 957432 2852184
ACTIVSg2000 4000 4000 29336
crack 10240 10240 60760
west0479 479 479 1910
adder_dcop_10 1813 1813 11232
s1rmt3m1 5489 5489 219521
nemeth07 9506 9506 394812
n4c6-b6 104115 51813 728805
mosfet2 46994 46994 1499460
bp_1200 822 822 4726
ACTIVSg10K 20000 20000 137736
G36 2000 2000 23532
GaAsH6 61349 61349 3381809
lns_511 511 511 2796
adder_dcop_26 1813 1813 11246
p6000 2095 7967 19826
invextr1_new 30412 30412 1793881
aug2dc 30200 30200 80000
plat362 362 362 5786
lshp_265 265 265 1753
adder_dcop_66 1813 1813 11246
lp_osa_07 1118 25067 144812
loc-Gowalla 196591 196591 1900654
delaunay_n14 16384 16384 98244
Si34H36 97569 97569 5156379
fpga_dcop_42 1220 1220 5892
nos5 468 468 5172
scrs8-2r 14364 27691 58439
bcsstk14 1806 1806 63454
bayer02 13935 13935 63679
bips07_1693 13275 13275 49044
lowThrust_5 16262 16262 198369
lp_qap12 3192 8856 38304
chipcool1 20082 20082 281150
neos 479119 515905 1526794
bfwb62 62 62 342
grid2_dual 3136 3136 12224
farm 7 17 41
TSOPF_FS_b9_c1 2454 2454 25032
dynamicSoaringProblem_1 647 647 5367
jagmesh7 1138 1138 7450
ncvxqp7 87500 87500 574962
Zhao2 33861 33861 166453
cavity08 1182 1182 32747
sinc12 7500 7500 294986
lp_shell 536 1777 3558
G32 2000 2000 8000
cz5108 5108 5108 51412
heart2 2339 2339 682797
s3rmq4m1 5489 5489 281111
TSOPF_FS_b162_c1 10798 10798 608540
oscil_dcop_02 430 430 1544
c-72 84064 84064 707558
pcb1000 1565 2820 20463
epb1 14734 14734 95053
adder_dcop_29 1813 1813 11246
fpga_dcop_17 1220 1220 5892
lp_nug06 372 486 2232
bp_400 822 822 4028
t2d_q4 9801 9801 87025
bcsstk11 1473 1473 34241
nemeth11 9506 9506 408264
cavity19 4562 4562 138187
ex22 839 839 22715
xingo_afonso_itaipu 13250 13250 48735
G34 2000 2000 8000
gupta2 62064 62064 4248286
mesh2e1 306 306 2018
L-9 17983 17983 71192
robot24c1_mat5_J 302 404 15118
cis-n4c6-b15 60 920 960
neos3 512209 518832 2055024
nemeth08 9506 9506 394816
c-52 23948 23948 202716
bundle1 10581 10581 770901
jan99jac100 34454 34454 215862
jagmesh1 936 936 6264
lp_grow22 440 946 8252
deter5 5103 14529 29715
south31 18425 36321 112398
qh768 768 768 2934
ky2010 161672 161672 787778
ch7-9-b2 17640 1512 52920
TSOPF_RS_b39_c19 38098 38098 684206
lp1 534388 534388 1643420
crack_dual 20141 20141 60086
finance256 37376 37376 298496
c-49 21132 21132 157042
lap_25 25 25 169
jan99jac080 27534 27534 171522
ex32 1159 1159 11343
airfoil1 4253 4253 24578
kineticBatchReactor_2 4361 4361 44840
struct4 4350 4350 237798
Franz8 16728 7176 100368
jan99jac020sc 6774 6774 38692
nemeth03 9506 9506 394808
TSOPF_RS_b162_c1 5374 5374 205399
Zd_Jac2 22835 22835 1642833
kl02 71 36699 212536
cavity06 1182 1182 32747
dwt_492 492 492 3156
adder_dcop_62 1813 1813 11246
hangGlider_3 10260 10260 92703
nd2010 133769 133769 625946
lp_perold 625 1506 6148
copter1 17222 17222 211064
jazz 198 198 5484
abtaha1 14596 209 51307
bibd_9_3 36 84 252
orbitRaising_3 761 761 6098
nemeth13 9506 9506 474472
ASIC_680ks 682712 682712 2329176
ch7-8-b1 1176 56 2352
Trefethen_700 700 700 12654
G25 2000 2000 39980
G2_circuit 150102 150102 726674
n4c6-b2 1330 210 3990
sme3Da 12504 12504 874887
psmigr_2 3140 3140 540022
ch5-5-b1 200 25 400
olm2000 2000 2000 7996
adder_dcop_64 1813 1813 11246
pwt 36519 36519 326107
bcsstm03 112 112 112
nos3 960 960 15844
ex10hs 2548 2548 57308
al2010 252266 252266 1230482
tumorAntiAngiogenesis_2 305 305 2699
air04 823 8904 72965
raefsky4 19779 19779 1328611
spaceStation_3 467 467 5103
rajat04 1041 1041 9642
west2021 2021 2021 7353
seymourl 4944 6316 38493
bcsstm25 15439 15439 15439
bcsstm13 2003 2003 21943
bibd_15_7 105 6435 135135
G3 800 800 38352
rim 22560 22560 1014951
thermal1 82654 82654 574458
lshp_577 577 577 3889
sctap1-2b 15390 33858 99454
de080285 936 1908 5082
fs_760_2 760 760 5976
cq9 9278 21534 96653
nasa2146 2146 2146 72250
hcircuit 105676 105676 513072
lshp1882 1882 1882 12904
mesh1em1 48 48 306
adder_dcop_04 1813 1813 11107
Franz7 10164 1740 40424
c-60 43640 43640 298578
G30 2000 2000 39980
spaceStation_7 1134 1134 18252
dwt_245 245 245 1461
lp_ken_13 28632 42659 97246
nemeth21 9506 9506 1173746
ex25 848 848 24612
Lin 256000 256000 1766400
c-68 64810 64810 566006
bcsstm20 485 485 485
bcsstk34 588 588 21418
ch7-6-b1 630 42 1260
nemsemm1 3945 75352 1053986
n3c6-b9 2511 4935 25110
bcspwr08 1624 1624 6050
wm3 207 260 2948
rdb5000 5000 5000 29600
cat_ears_3_1 204 181 542
mark3jac020sc 9129 9129 56175
wang2 2903 2903 19093
bcsstk30 28924 28924 2043492
rajat05 301 301 1384
lshp2233 2233 2233 15337
ash331 331 104 662
NACA0015 1039183 1039183 6229636
spaceStation_6 1111 1111 17595
lpi_bgdbg1 348 629 1662
bibd_12_5 66 792 7920
poli 4008 4008 8188
CAG_mat1916 1916 1916 195985
lp_maros 846 1966 10137
rajat02 1960 1960 11187
lowThrust_3 7064 7064 80645
n3c5-b1 45 10 90
162bit 3606 3597 37118
fpga_dcop_10 1220 1220 5884
lhr17 17576 17576 381975
lp_recipe 91 204 687
Dubcova1 16129 16129 253009
oscil_dcop_13 430 430 1544
ks2010 238600 238600 1121798
ex9 3363 3363 99471
ncvxqp3 75000 75000 499964
Trefethen_20000 20000 20000 554466
auto 448695 448695 6629222
lpi_reactor 318 808 2591
G18 800 800 9388
fpga_dcop_31 1220 1220 5892
lowThrust_7 17378 17378 211561
lpi_klein2 477 531 5062
oscil_dcop_57 430 430 1544
fpga_dcop_06 1220 1220 5860
lp_dfl001 6071 12230 35632
c-53 30235 30235 372213
lp_fit1d 24 1049 13427
shallow_water2 81920 81920 327680
pdb1HYS 36417 36417 4344765
de063157 936 1908 5119
ch5-5-b4 120 600 600
bcsstk25 15439 15439 252241
fpga_dcop_13 1220 1220 5892
sme3Db 29067 29067 2081063
gams10am 114 171 407
wing_nodal 10937 10937 150976
bcsstm09 1083 1083 1083
cavity14 2597 2597 76367
sme3Dc 42930 42930 3148656
adder_dcop_16 1813 1813 11246
jan99jac040 13694 13694 82842
oscil_dcop_07 430 430 1544
fpga_dcop_21 1220 1220 5892
bibd_13_6 78 1716 25740
jagmesh4 1440 1440 9504
gre_1107 1107 1107 5664
oscil_dcop_11 430 430 1544
c8_mat11_I 4562 5761 2462970
c-25 3797 3797 49635
circuit_1 2624 2624 35823
bcsstk31 35588 35588 1181416
rdb450 450 450 2580
rosen10 2056 6152 64192
Kuu 7102 7102 340200
fpga_dcop_26 1220 1220 5892
bcsstk07 420 420 7860
sherman1 1000 1000 3750
pa2010 421545 421545 2058462
flower_8_4 55081 125361 375266
oscil_dcop_10 430 430 1544
kineticBatchReactor_6 7773 7773 82500
ar2010 186211 186211 904310
crew1 135 6469 46950
adder_dcop_40 1813 1813 11246
parabolic_fem 525825 525825 3674625
TF19 241029 317955 4370721
deter8 3831 10905 22299
n4c5-b9 630 1895 6300
cavity17 4562 4562 138187
LeGresley_87936 87936 87936 593276
S10PI_n 682 682 1633
venkat01 62424 62424 1717792
se 32768 32768 98300
LFAT5 14 14 46
ms2010 171778 171778 839980
dwt_310 310 310 2448
refine 29 62 153
g7jac120sc 35550 35550 475296
big 13209 13209 91465
ex28 2603 2603 77781
wave 156317 156317 2118662
FEM_3D_thermal1 17880 17880 430740
shyy41 4720 4720 20042
mycielskian11 1535 1535 134710
IG5-16 18846 18485 588326
mark3jac140 64089 64089 399735
spaceShuttleEntry_2 1428 1428 24073
torsion1 40000 40000 197608
ted_A_unscaled 10605 10605 424587
bcsstk19 817 817 6853
c-67 57975 57975 531935
bibd_81_2 3240 3240 3240
relat4 66 12 172
goddardRocketProblem_1 831 831 8498
c-56 35910 35910 380900
freeFlyingRobot_4 2358 2358 18218
fpga_dcop_27 1220 1220 5892
s1rmq4m1 5489 5489 281111
olm5000 5000 5000 19996
gemat12 4929 4929 33111
lp_finnis 497 1064 2760
pcrystk02 13965 13965 968583
n3c6-b1 105 105 210
tandem_vtx 18454 18454 253350
trdheim 22098 22098 1935324
heart3 2339 2339 682797
str_600 363 363 3279
mk9-b3 945 1260 3780
swang1 3169 3169 20841
ecology1 1000000 1000000 4996000
m133-b3 200200 200200 800800
cdde6 961 961 4681
bcspwr07 1612 1612 5824
qh1484 1484 1484 6110
CurlCurl_0 11083 11083 113343
rbsa480 480 480 17088
crystm03 24696 24696 583770
Dubcova2 65025 65025 1030225
lp_scagr25 471 671 1725
relat7 21924 1045 81355
imagesensor 118758 118758 1893170
cage5 37 37 233
rajat11 135 135 812
power197k 197156 197156 3698357
oscil_dcop_49 430 430 1544
c-64b 51035 51035 717841
lpi_cplex1 3005 5224 10947
c-19 2327 2327 21817
Si5H12 19896 19896 738598
IG5-6 30 77 251
jan99jac100sc 34454 34454 215862
tn2010 240116 240116 1193966
rel3 12 5 18
bcsstk02 66 66 4356
oscil_dcop_22 430 430 1544
com-DBLP 317080 317080 2099732
deter3 7647 21777 44547
rdist1 4134 4134 94408
adder_dcop_24 1813 1813 11246
c-45 13206 13206 174452
bp_0 822 822 3276
delaunay_n21 2097152 2097152 12582816
gyro_k 17361 17361 1021159
Tina_AskCog 11 11 36
shl_0 663 663 1687
utm5940 5940 5940 83842
bcsstk32 44609 44609 2014701
Maragal_1 32 14 234
freeFlyingRobot_11 5438 5438 40054
fpga_dcop_41 1220 1220 5892
TSOPF_FS_b9_c6 14454 14454 147972
or2010 196621 196621 979512
adder_dcop_48 1813 1813 11246
rel8 345688 12347 821839
c-34 6611 6611 64333
wa2010 195574 195574 947432
ASIC_320k 321821 321821 2635364
cavity22 4562 4562 138187
mario002 389874 389874 2101242
delaunay_n20 1048576 1048576 6291372
bp_1000 822 822 4661
adder_dcop_35 1813 1813 11246
IG5-10 652 976 10273
lp_sc205 205 317 665
bp_200 822 822 3802
dc3 116835 116835 766396
poli_large 15575 15575 33074
lp_nug12 3192 8856 38304
tube1 21498 21498 897056
dwt_361 361 361 2953
Maragal_4 1964 1034 26719
lp22 2958 16392 68518
vsp_barth5_1Ksep_50in_5Kout 32212 32212 203610
lnsp3937 3937 3937 25407
oscil_dcop_09 430 430 1544
bcsstk04 132 132 3648
t2dah_e 11445 11445 176117
cat_ears_2_4 1009 2689 7982
iiasa 669 3639 7317
rdb3200l 3200 3200 18880
c-46 14913 14913 130397
CAG_mat72 72 72 1012
thermomech_dK 204316 204316 2846228
msc23052 23052 23052 1154814
GL7d24 21074 105054 593892
c-43 11125 11125 123675
kineticBatchReactor_8 8052 8052 85194
adder_dcop_21 1813 1813 11246
S10PI_n1 528 528 1317
cyl6 13681 13681 714241
G57 5000 5000 20000
nw14 73 123409 904910
adder_dcop_37 1813 1813 11246
bibd_17_4b 136 2380 14280
ne2010 193352 193352 913854
cavity12 2597 2597 76367
bcsstk21 3600 3600 26600
nasa1824 1824 1824 39208
c-57 37833 37833 405197
bfwa398 398 398 3678
shermanACa 3432 3432 25220
cavity07 1182 1182 32747
reorientation_4 2717 2717 33630
barrier2-1 113076 113076 3805068
shyy161 76480 76480 329762
can_24 24 24 160
Kaufhold 8765 8765 42471
mk10-b2 3150 630 9450
watson_1 201155 386992 1055093
adder_dcop_08 1813 1813 11242
USAir97 332 332 4252
lowThrust_6 16928 16928 207349
lhr04 4101 4101 82682
kineticBatchReactor_4 7105 7105 74869
mixtank_new 29957 29957 1995041
bloweybl 30003 30003 120000
orbitRaising_1 442 442 2906
stat96v4 3173 63076 491336
ash292 292 292 2208
fs_541_2 541 541 4285
west0655 655 655 2854
relat6 2340 157 8108
rail_79841 79841 79841 553921
Zd_Jac6 22835 22835 1711983
ex10 2410 2410 54840
mn2010 259777 259777 1227102
bcsstk05 153 153 2423
flower_5_1 211 201 602
e18 24617 38602 156466
mycielskian3 5 5 10
rel6 2340 157 5101
ncvxbqp1 50000 50000 349968
mahindas 1258 1258 7682
Trefethen_20 20 20 158
air02 50 6774 61555
fome13 48568 97840 285056
crashbasis 160000 160000 1750416
cell2 7055 7055 34855
mk10-b3 4725 3150 18900
bibd_20_10 190 184756 8314020
epb2 25228 25228 175027
fpga_dcop_08 1220 1220 5888
cavity20 4562 4562 138187
coAuthorsDBLP 299067 299067 1955352
nos4 100 100 594
Harvard500 500 500 2636
Andrews 60000 60000 760154
boneS01 127224 127224 6715152
west0381 381 381 2157
LeGresley_2508 2508 2508 16727
extr1b 2836 2836 11404
wi2010 253096 253096 1209404
g7jac020 5850 5850 45465
radfr1 1048 1048 13299
fxm3_6 5026 5026 94026
linverse 11999 11999 95977
grid1_dual 224 224 840
HTC_336_9129 226340 226340 883422
t3dl_a 20360 20360 509866
nv1 75468 75468 2449194
wheel_7_1 114 113 338
r05 5190 9690 104145
struct3 53570 53570 1173694
powersim 15838 15838 67562
tols2000 2000 2000 5184
Goodwin_071 56021 56021 1797934
dwt_512 512 512 3502
poli4 33833 33833 73249
lp_ken_07 2426 3602 8404
Goodwin_017 3317 3317 97773
M10PI_n 682 682 1633
mo2010 343565 343565 1656568
va2010 285762 285762 1402128
Zd_Jac2_db 22835 22835 676439
G33 2000 2000 8000
nopoly 10774 10774 70842
n3c6-b2 455 105 1365
can_838 838 838 10010
route 20894 43019 206782
nemeth12 9506 9506 446818
bips07_2476 16861 16861 66498
dynamicSoaringProblem_3 2871 2871 32022
nopss_11k 11685 11685 44941
fpga_dcop_48 1220 1220 5892
Si2 769 769 17801
mycielskian14 12287 12287 3695512
Cities 55 46 1342
olesnik0 88263 88263 744216
oscil_dcop_32 430 430 1544
cis-n4c6-b14 920 6300 13800
srb1 54924 54924 2962152
adder_dcop_07 1813 1813 11226
cep1 1521 4769 8233
lp_pilotnov 975 2446 13331
rdb2048 2048 2048 12032
bibd_16_8 120 12870 360360
rosen7 264 776 8034
dixmaanl 60000 60000 299998
c-64 51035 51035 717841
oscil_dcop_42 430 430 1544
lp_stocfor3 16675 23541 76473
heart1 3557 3557 1387773
graphics 29493 11822 117954
air05 426 7195 52121
dtoc 24993 24993 69972
rajat16 94294 94294 641159
cont-300 180895 180895 988195
nnc261 261 261 1500
fome12 24284 48920 142528
144 144649 144649 2148786
adder_dcop_09 1813 1813 11239
xingo3012 20944 20944 74386
EX6 6545 6545 295680
citationCiteseer 268495 268495 2313294
adder_dcop_38 1813 1813 11246
vsp_p0291_seymourl_iiasa 10498 10498 107736
rotor1 100 100 708
qh882 882 882 3354
Trefethen_200b 199 199 2873
adder_dcop_28 1813 1813 11246
TSOPF_RS_b162_c3 15374 15374 610299
rosen8 520 1544 16058
lund_a 147 147 2449
Goodwin_054 32510 32510 1030878
poisson3Db 85623 85623 2374949
jan99jac060 20614 20614 127182
raefsky1 3242 3242 294276
dendrimer 730 730 63024
fp 7548 7548 848553
coupled 11341 11341 98523
EternityII_Etilde 10054 204304 1170516
G50 3000 3000 12000
lp_pilot_ja 940 2267 14977
G19 800 800 9322
LFAT5000 19994 19994 79966
dwt_419 419 419 3563
aug3d 24300 24300 69984
bips07_1998 15066 15066 62198
lesmis 77 77 508
G44 1000 1000 19980
msc00726 726 726 34518
ca-CondMat 23133 23133 186936
c-67b 57975 57975 531935
circuit_2 4510 4510 21199
n3c5-b7 30 120 240
problem 12 46 86
mip1 66463 66463 10352819
lpi_pang 361 741 2933
vsp_vibrobox_scagr7-2c_rlfddd 77328 77328 871172
rw5151 5151 5151 20199
n3c6-b5 5005 3003 30030
ex36 3079 3079 53843
case39 40216 40216 1042160
tumorAntiAngiogenesis_7 475 475 4597
bcsstk16 4884 4884 290378
lp_pilot 1441 4860 44375
cavity26 4562 4562 138187
saylr3 1000 1000 3750
oscil_dcop_55 430 430 1544
cryg2500 2500 2500 12349
dc1 116835 116835 766396
lp_beaconfd 173 295 3408
m14b 214765 214765 3358036
n4c6-b7 163215 104115 1305720
GL6_D_9 340 545 4349
cis-n4c6-b2 1330 210 3990
adder_dcop_67 1813 1813 11246
mycielskian10 767 767 44392
darcy003 389874 389874 2101242
OPF_6000 29902 29902 302418
nemeth23 9506 9506 1506810
bcsstk17 10974 10974 428650
cavity23 4562 4562 138187
ex27 974 974 40782
de2010 24115 24115 116056
ch7-9-b5 423360 317520 2540160
Franz2 4032 4480 21504
scagr7-2b 9743 13847 35885
adder_dcop_50 1813 1813 11246
venkat25 62424 62424 1717792
G65 8000 8000 32000
md2010 145247 145247 700378
klein-b1 30 10 60
adder_dcop_13 1813 1813 11245
lpi_ex72a 197 215 467
g7jac050sc 14760 14760 157990
lp_osa_14 2337 54797 317097
Trec9 47 201 2147
coater1 1348 1348 19457
dwt_878 878 878 7448
lp_grow7 140 301 2612
pkustk02 10800 10800 810000
oscil_dcop_38 430 430 1544
fd15 11532 11532 44206
aa3 825 8627 70806
can_61 61 61 557
mk9-b1 378 36 756
fpga_dcop_51 1220 1220 5892
g7jac180 53370 53370 747276
ASIC_320ks 321671 321671 1827807
zeros_nopss_13k 13296 13296 48827
M40PI_n 2182 2182 5341
mario001 38434 38434 206156
commanche_dual 7920 7920 31680
lp_pilot87 2030 6680 74949
viscoplastic1 4326 4326 61166
whitaker3 9800 9800 57978
viscoplastic2 32769 32769 381326
whitaker3_dual 19190 19190 57162
rdb450l 450 450 2580
c-69 67458 67458 623970
t3dh_a 79171 79171 4352105
lowThrust_4 13562 13562 160947
ncvxqp5 62500 62500 424966
mult_dcop_01 25187 25187 193276
slptsk 2861 3347 72465
G2 800 800 38352
cage12 130228 130228 2032536
Trec10 106 478 8612
dwt_198 198 198 1392
vsp_finan512_scagr7-2c_rlfddd 139752 139752 1104040
n4c5-b5 4340 2852 26040
oscil_dcop_12 430 430 1544
oscil_dcop_56 430 430 1544
can_292 292 292 2540
S20PI_n1 1028 1028 2547
grid1 252 252 952
pkustk03 63336 63336 3130416
g7jac080sc 23670 23670 293976
cat_ears_4_1 377 313 938
rkat7_mat5 694 738 38114
Franz11 47104 30144 329728
fs_680_2 680 680 2646
bibd_17_3 136 680 2040
wheel_6_1 83 85 254
IG5-17 30162 27944 1035008
lpi_bgindy 2671 10880 66266
bcsstm07 420 420 7252
n2c6-b3 1365 455 5460
cdde4 961 961 4681
cq5 5048 11748 51571
adder_dcop_22 1813 1813 11246
barrier2-2 113076 113076 3805068
cz40948 40948 40948 412148
can_96 96 96 768
g7jac120 35550 35550 475296
D_11 169 461 2952
gridgena 48962 48962 512084
t3dh_e 79171 79171 4352105
ex15 6867 6867 98671
nemeth02 9506 9506 394808
bibd_15_3 105 455 1365
model10 4400 16819 150372
rel5 340 35 656
para-8 155924 155924 5416358
fpga_dcop_34 1220 1220 5892
adder_dcop_68 1813 1813 11246
t2dal_bci 4257 4257 37465
pkustk09 33960 33960 1583640
gre_185 185 185 1005
bibd_22_8 231 319770 8953560
Dubcova3 146689 146689 3636649
LargeRegFile 2111154 801374 4944201
ck104 104 104 992
scsd8-2c 5130 35910 112770
TSOPF_FS_b39_c19 76216 76216 1977600
fpga_dcop_33 1220 1220 5892
wang1 2903 2903 19093
M20PI_n1 1028 1028 2547
08blocks 300 300 592
dc2 116835 116835 766396
fl2010 484481 484481 2346294
rajat22 39899 39899 197264
ch8-8-b5 564480 376320 3386880
fpga_dcop_36 1220 1220 5892
nc2010 288987 288987 1416620
reorientation_2 1544 1544 17910
fxm2-6 1520 2845 12812
ncvxqp9 16554 16554 54040
pltexpa 26894 70364 143059
spaceShuttleEntry_1 560 560 6891
west0132 132 132 414
nos7 729 729 4617
t3dl 20360 20360 509866
cvxbqp1 50000 50000 349968
jan99jac020 6774 6774 38692
dynamicSoaringProblem_2 1591 1591 15588
c-37 8204 8204 74676
bloweya 30004 30004 150009
neos2 132568 134128 685087
plskz362 362 362 880
lpi_klein1 54 108 750
GD97_b 47 47 264
c-32 5975 5975 54471
nos1 237 237 1017
bp_600 822 822 4172
ash219 219 85 438
b1_ss 7 7 15
n3c6-b6 6435 5005 45045
G11 800 800 3200
freeFlyingRobot_15 6038 6038 43378
crystk02 13965 13965 968583
impcol_a 207 207 572
G22 2000 2000 39980
rajat24 358172 358172 1948235
adder_dcop_23 1813 1813 11246
flower_7_1 463 393 1178
pkustk04 55590 55590 4218660
us04 163 28016 297538
jpwh_991 991 991 6027
vsp_bump2_e18_aa01_model1_crew1 56438 56438 601602
lp_e226 223 472 2768
tandem_dual 94069 94069 460493
G67 10000 10000 40000
adder_dcop_33 1813 1813 11246
fpga_dcop_30 1220 1220 5892
large 4282 8617 20635
M20PI_n 1182 1182 2881
pde225 225 225 1065
mesh3e1 289 289 1889
freeFlyingRobot_16 6078 6078 44006
flower_4_4 1837 5529 16466
ex40 7740 7740 458012
lp_sctap1 300 660 1872
cis-n4c6-b1 210 21 420
d_pretok 182730 182730 1641672
G15 800 800 9322
bayer08 3008 3008 27576
tx2010 914231 914231 4456272
sctap1-2r 28830 63426 186366
ford1 18728 18728 101576
sit100 10262 10262 61046
lp_czprob 929 3562 10708
lp_nug08 912 1632 7296
ecology2 999999 999999 4995991
case9 14454 14454 147972
lp_osa_60 10280 243246 1408073
biplane-9 21701 21701 84076
nd3k 9000 9000 3279690
ckt11752_dc_1 49702 49702 333029
ibm32 32 32 126
lp_25fv47 821 1876 10705
Trec5 3 7 12
matrix-new_3 125329 125329 2678750
adder_dcop_57 1813 1813 11246
gre_115 115 115 421
turon_m 189924 189924 1690876
msc01050 1050 1050 29156
tmt_sym 726713 726713 5080961
rail_5177 5177 5177 35185
cage 366 366 5124
cz10228 10228 10228 102876
LeGresley_4908 4908 4908 30482
hor_131 434 434 4710
mk11-b2 6930 990 20790
lpi_box1 231 261 651
can_268 268 268 3082
bayer10 13436 13436 94926
nemsafm 334 2348 2826
b2_ss 1089 1089 4228
adder_dcop_58 1813 1813 11246
ga2010 291086 291086 1418056
c-73 169422 169422 1279274
bcsstm11 1473 1473 1473
juba40k 40337 40337 144945
ex19 12005 12005 259879
lp_qap8 912 1632 7296
can_715 715 715 6665
a0nsdsil 80016 80016 355034
nemeth19 9506 9506 818302
t2dah 11445 11445 176117
laser 3002 3002 9000
bcspwr04 274 274 1612
fpga_trans_02 1220 1220 7382
TSOPF_RS_b39_c7 14098 14098 252446
n3c6-b10 675 2511 7425
TSOPF_RS_b300_c2 28338 28338 2943887
email-Enron 36692 36692 367662
boyd2 466316 466316 1500397
CAG_mat364 364 364 13585
lp_degen3 1503 2604 25432
lutz30-23-b6 1716 3003 12012
s3dkq4m2 90449 90449 4820891
fpga_dcop_15 1220 1220 5892
n4c6-b14 920 6300 13800
Si10H16 17077 17077 875923
LF10 18 18 82
G26 2000 2000 39980
cegb3024 3024 3024 79848
delaunay_n19 524288 524288 3145646
rosen1 520 1544 23794
EternityII_E 11077 262144 1503732
aa4 426 7195 52121
OPF_10000 43887 43887 467711
f855_mat9_I 2456 2511 171214
rw136 136 136 479
obstclae 40000 40000 197608
Muu 7102 7102 170134
mri1 65536 147456 589824
mk10-b1 630 45 1260
sctap1-2c 3390 7458 21854
cdde5 961 961 4681
stomach 213360 213360 3021648
EX3 2600 2600 71760
odepb400 400 400 399
c-40 9941 9941 81501
dwt_346 346 346 3226
bibd_17_8 136 24310 680680
rajat06 10922 10922 46983
watt_1 1856 1856 11360
n4c5-b3 1350 455 5400
TSOPF_RS_b162_c4 20374 20374 812749
stat96v5 2307 75779 233921
G63 7000 7000 82918
pivtol 102 102 306
preferentialAttachment 100000 100000 999970
TSOPF_FS_b300_c1 29214 29214 4400122
model2 379 1321 7607
Sieber 2290 2290 14873
viscorocks 37762 37762 1162244
primagaz 1554 10836 21665
delaunay_n11 2048 2048 12254
ch4-4-b1 72 16 144
GD01_b 18 18 37
nnc1374 1374 1374 8606
li 22695 22695 1350309
n3c5-b2 120 45 360
lp_gfrd_pnc 616 1160 2445
e40r0100 17281 17281 553562
bodyy6 19366 19366 134748
ch4-4-b2 96 72 288
igbt3 10938 10938 234006
adder_dcop_54 1813 1813 11246
IG5-14 6735 7621 173337
delaunay_n16 65536 65536 393150
chipcool0 20082 20082 281150
jagmesh5 1180 1180 7750
bips07_3078 21128 21128 75729
g7jac140sc 41490 41490 565956
vt2010 32580 32580 155598
nm2010 168609 168609 830970
ch6-6-b4 4320 5400 21600
sherman4 1104 1104 3786
bibd_12_4 66 495 2970
ex18 5773 5773 71805
lhr17c 17576 17576 381975
mark3jac080sc 36609 36609 227955
sc2010 181908 181908 893160
can_256 256 256 2916
tols90 90 90 1746
rajat17 94294 94294 641159
rosen2 1032 3080 47536
cage9 3534 3534 41594
lp_etamacro 400 816 2537
cage8 1015 1015 11003
cavity18 4562 4562 138187
olm100 100 100 396
IG5-13 3994 4731 91209
fpga_dcop_38 1220 1220 5892
3D_51448_3D 51448 51448 1056610
176bit 7441 7431 82270
tsyl201 20685 20685 2454957
ch3-3-b1 18 9 36
c-39 9271 9271 136811
fv2 9801 9801 87025
gen2 1121 3264 81855
Chebyshev3 4101 4101 36879
cavity15 2597 2597 76367
nh2010 48837 48837 234550
smallworld 100000 100000 999996
bcsstk08 1074 1074 12960
delaunay_n15 32768 32768 196548
lp_agg3 516 758 4756
mycielskian4 11 11 40
g7jac060 17730 17730 203316
usroads 129164 129164 330870
Franz3 1280 2800 11520
G52 1000 1000 11832
adder_dcop_45 1813 1813 11246
oscil_dcop_15 430 430 1544
bbmat 38744 38744 1771722
majorbasis 160000 160000 1750416
G38 2000 2000 23558
thread 29736 29736 4470048
dwt_1005 1005 1005 8621
t2dal_a 4257 4257 37465
chesapeake 39 39 340
cavity02 317 317 7327
barrier2-4 113076 113076 3805068
nemeth17 9506 9506 629620
dw8192 8192 8192 41746
bcsstm24 3562 3562 3562
fpga_dcop_24 1220 1220 5892
l9 244 1483 4659
598a 110971 110971 1483868
mhd3200a 3200 3200 68026
rgg010 10 10 76
bcsstk10 1086 1086 22070
wheel_5_1 57 61 182
lp_scrs8 490 1275 3288
Hardesty2 929901 303645 4020731
orsirr_1 1030 1030 6858
Trefethen_500 500 500 8478
goddardRocketProblem_2 867 867 9058
oscil_dcop_23 430 430 1544
ma2010 157508 157508 776610
G23 2000 2000 39980
ex8 3096 3096 106344
jagmesh3 1089 1089 7361
dwt_59 59 59 267
onera_dual 85567 85567 419201
rlfdual 8052 74970 282031
piston 2025 2025 100015
model8 2896 6464 25277
graham1 9035 9035 335504
GT01R 7980 7980 430909
IG5-11 1227 1692 22110
lhr10c 10672 10672 232633
dwt_918 918 918 7384
lhr10 10672 10672 232633
divorce 50 9 225
GD97_a 84 84 332
swang2 3169 3169 20841
lpi_mondou2 312 604 1208
cop20k_A 121192 121192 2624331
cat_ears_2_1 85 85 254
shipsec1 140874 140874 7813404
rajat18 94294 94294 485143
rdist2 3198 3198 56934
TSOPF_RS_b39_c30 60098 60098 1079986
pfinan512 74752 74752 596992
Franz10 19588 4164 97508
oscil_dcop_50 430 430 1544
G1 800 800 38352
dolphins 62 62 318
pkustk07 16860 16860 2418804
rlfddd 4050 61521 264627
wheel_601 902103 723605 2170814
poisson2D 367 367 2417
oscil_dcop_37 430 430 1544
shuttle_eddy 10429 10429 103599
impcol_e 225 225 1308
n4c5-b1 105 15 210
av41092 41092 41092 1683902
bcsstm39 46772 46772 46772
mult_dcop_03 25187 25187 193216
fe_tooth 78136 78136 905182
G27 2000 2000 39980
ex7 1633 1633 54543
xenon1 48600 48600 1181120
qiulp 1192 1900 4492
ins2 309412 309412 2751484
lns_3937 3937 3937 25407
rajat08 19362 19362 83443
tube2 21498 21498 897056
fxm2-16 3900 7335 32972
saylr1 238 238 1128
GD00_a 352 352 458
aa6 646 7292 51728
apache1 80800 80800 542184
t3dl_e 20360 20360 20360
IG5-12 2296 2875 46260
dwa512 512 512 2480
ch7-9-b4 317520 105840 1587600
adder_dcop_53 1813 1813 11246
ch5-5-b2 600 200 1800
mycielskian6 47 47 472
G58 5000 5000 59140
air06 825 8627 70806
TF18 95368 123867 1597545
ch8-8-b3 117600 18816 470400
dw4096 8192 8192 41746
epb3 84617 84617 463625
adjnoun 112 112 850
bcsstm02 66 66 66
utm1700b 1700 1700 21509
wm1 207 277 2909
ca-GrQc 5242 5242 28980
pcrystk03 24696 24696 1751178
bwm200 200 200 796
lowThrust_12 18458 18458 224593
mycielskian5 23 23 142
psse0 26722 11028 102432
Goodwin_030 10142 10142 312814
olm500 500 500 1996
karate 34 34 156
TSOPF_FS_b39_c7 28216 28216 730080
ww_vref_6405 13251 13251 48737
t3dh 79171 79171 4352105
odepa400 400 400 1201
cont-201 80595 80595 438795
Journals 124 124 12068
n4c5-b10 120 630 1320
p2756 755 3511 9692
netz4504_dual 615 615 2342
fpga_dcop_25 1220 1220 5892
lshp2614 2614 2614 17980
lp_standmps 467 1274 3878
net100 29920 29920 2033200
gen 769 2561 63086
n4c6-b8 198895 163215 1790055
fv1 9604 9604 85264
oscil_dcop_04 430 430 1544
benzene 8219 8219 242669
mcfe 765 765 24382
deter4 3235 9133 19231
n4c5-b2 455 105 1365
zenios 2873 2873 27191
bcsstk36 23052 23052 1143140
id2010 149842 149842 728264
G14 800 800 9388
fd18 16428 16428 63406
deltaX 68600 21961 247424
G46 1000 1000 19980
bips98_606 7135 7135 34738
ca-HepPh 12008 12008 237010
n3c4-b4 6 15 30
oscil_dcop_08 430 430 1544
rlfprim 58866 62716 320591
mac_econ_fwd500 206500 206500 1273389
n4c6-b10 132402 186558 1456422
p010 10090 19090 118000
mark3jac120sc 54929 54929 342475
cari 400 1200 152800
bfwa62 62 62 450
orsirr_2 886 886 5970
G21 800 800 9334
oscil_dcop_24 430 430 1544
mhdb416 416 416 2312
lp_stair 356 614 4003
net75 23120 23120 1489200
oscil_dcop_17 430 430 1544
nsct 23003 37563 697738
G31 2000 2000 39980
bp_800 822 822 4534
data 2851 2851 30186
steam1 240 240 3762
jagmesh9 1349 1349 9101
goodwin 7320 7320 324784
c-62 41731 41731 559343
adder_dcop_32 1813 1813 11246
sherman3 5005 5005 20033
c-61 43618 43618 310016
bcsstk01 48 48 400
L 956 956 3640
sc205-2r 35213 62423 123239
n2c6-b2 455 105 1365
raefsky2 3242 3242 294276
model4 1337 4962 45753
bcsstk26 1922 1922 30336
bfwa782 782 782 7514
USpowerGrid 4941 4941 13188
1138_bus 1138 1138 4054
G42 2000 2000 23558
bcsstk24 3562 3562 159910
bayer01 57735 57735 277774
ex33 1733 1733 22189
G13 800 800 3200
oscil_dcop_26 430 430 1544
Hamrle2 5952 5952 22162
Pd 8081 8081 13036
Trefethen_150 150 150 2040
n2c6-b4 3003 1365 15015
TSOPF_RS_b300_c1 14538 14538 1474325
dwt_234 234 234 834
bcsstm26 1922 1922 1922
Raj1 263743 263743 1302464
cage4 9 9 49
shermanACb 18510 18510 145149
coAuthorsCiteseer 227320 227320 1628268
lp_wood1p 244 2595 70216
g7jac040sc 11790 11790 114671
ex24 2283 2283 48737
tumorAntiAngiogenesis_5 460 460 4690
lpl2 3294 10881 32232
poli3 16955 16955 37849
ge 10099 16369 44825
mesh3em5 289 289 1889
wing 62032 62032 243088
freeFlyingRobot_12 5578 5578 41940
brainpc2 27607 27607 179395
aft01 8205 8205 125567
pf2177 9728 9728 725144
fs_680_1 680 680 2646
sherman2 1080 1080 23094
neos1 131581 133473 599590
n3c4-b2 20 15 60
GD98_b 121 121 207
scrs8-2c 1820 3499 7367
fpga_dcop_35 1220 1220 5892
145bit 1002 993 11315
IG5-9 342 540 4570
dynamicSoaringProblem_5 3271 3271 36789
lp_agg2 516 758 4740
vsp_msc10848_300sep_100in_1Kout 21996 21996 2442056
sinc18 16428 16428 973826
rajat25 87190 87190 607235
consph 83334 83334 6010480
bcsstk15 3948 3948 117816
dbic1 43200 226317 1081843
aug3dcqp 35543 35543 128115
bibd_19_9 171 92378 3325608
rajat27 20640 20640 99777
ford2 100196 100196 544688
cavity25 4562 4562 138187
torso2 115967 115967 1033473
model3 1609 4578 23974
lhr11c 10964 10964 233741
hangGlider_2 1647 1647 14754
nv2010 84538 84538 416998
CurlCurl_1 226451 226451 2472071
TEM27623 27623 27623 439469
Chem97Zt 2541 31022 62044
raefsky3 21200 21200 1488768
mcca 180 180 2659
cvxqp3 17500 17500 122462
adder_dcop_42 1813 1813 11246
tumorAntiAngiogenesis_3 410 410 3952
GL6_D_7 636 470 5378
fs_183_3 183 183 1069
mk10-b4 945 4725 4725
nemeth04 9506 9506 394808
vanbody 47072 47072 2336898
net50 16320 16320 945200
oscil_dcop_28 430 430 1544
M10PI_n1 528 528 1317
oscil_dcop_01 430 430 1544
hvdc1 24842 24842 159981
oscil_dcop_29 430 430 1544
rajat15 37261 37261 443573
well1850 1850 712 8758
bcsstm27 1224 1224 56126
Trec13 1301 6561 654517
barth5 15606 15606 61484
adder_dcop_15 1813 1813 11246
spaceStation_11 1364 1364 18954
lop163 163 163 935
gre_216b 216 216 876
n3c6-b3 1365 455 5460
flower_4_1 121 129 386
fxm3_16 41340 85575 392252
cis-n4c6-b3 5970 1330 23880
sgpf5y6 246077 312540 831976
exdata_1 6001 6001 2269501
mesh1em6 48 48 306
rma10 46835 46835 2374001
cat_ears_3_4 5226 13271 39592
c-22 3792 3792 28872
illc1850 1850 712 8758
G8 800 800 38352
lp_qap15 6330 22275 94950
ex37 3565 3565 67591
ukerbe1_dual 1866 1866 7076
freeFlyingRobot_13 5718 5718 43994
